service_id,monday,tuesday,wednesday,thursday,friday,saturday,sunday,start_date,end_date
20M-H50M000S-86-S,1,1,1,1,1,0,0,20200323,20200327
20M-H50M000S-86-SV,0,0,0,0,1,0,0,20200323,20200327
20M-H54M000S-46-S,1,1,1,1,1,0,0,20200323,20200529
20M-H55M000S-80-S,1,1,1,1,1,0,0,20200323,20200327
20M-H55M000S-80-SV,0,0,0,0,1,0,0,20200323,20200327
20M-H56M000S-82-S,1,1,1,1,1,0,0,20200323,20200327
20M-H56M000S-82-SV,0,0,0,0,1,0,0,20200323,20200327
20M-H57M000S-91-S,1,1,1,1,1,0,0,20200323,20200417
20M-H58M000S-84-S,1,1,1,1,1,0,0,20200323,20200327
20M-H59M000S-82-S,1,1,1,1,1,0,0,20200323,20200327
20M-H59M000S-82-SV,0,0,0,0,1,0,0,20200323,20200327
20M-H60M000S-87-S,1,1,1,1,1,0,0,20200323,20200327
20M-H62M000S-00-S,1,1,1,1,1,0,0,20200323,20200327
20M-H62M000S-00-S260,1,0,1,1,0,0,0,20200323,20200327
20M-H62M000S-00-SLMJ,1,1,0,1,0,0,0,20200323,20200327
20M-H62M000S-00-SLMV,1,0,1,0,1,0,0,20200323,20200327
20M-H62M000S-00-SMJ,0,1,0,1,0,0,0,20200323,20200327
20M-H62M000S-00-SMMJ,0,1,1,1,0,0,0,20200323,20200327
20M-H62M000S-00-SMV,0,0,1,0,1,0,0,20200323,20200327
20M-GLOBAUX-04-S,1,1,1,1,1,0,0,20200323,20200529
20M-H50M000A-04-A,0,0,0,0,0,1,0,20200328,20200328
20M-H54M000A-02-A,0,0,0,0,0,1,0,20200328,20200328
20M-H55M000A-01-A,0,0,0,0,0,1,0,20200328,20200328
20M-H56M000A-00-A,0,0,0,0,0,1,0,20200328,20200328
20M-H57M000A-01-A,0,0,0,0,0,1,0,20200328,20200328
20M-H58M000A-00-A,0,0,0,0,0,1,0,20200328,20200328
20M-H59M000A-00-A,0,0,0,0,0,1,0,20200328,20200328
20M-H60M000A-03-A,0,0,0,0,0,1,0,20200328,20200328
20M-H62M000A-00-A,0,0,0,0,0,1,0,20200328,20200328
20M-GLOBAUX-00-A,0,0,0,0,0,1,0,20200328,20200530
20M-H50M000I-03-I,0,0,0,0,0,0,1,20200329,20200329
20M-H54M000I-02-I,0,0,0,0,0,0,1,20200329,20200329
20M-H55M000I-01-I,0,0,0,0,0,0,1,20200329,20200329
20M-H56M000I-00-I,0,0,0,0,0,0,1,20200329,20200329
20M-H57M000I-02-I,0,0,0,0,0,0,1,20200329,20200329
20M-H58M000I-00-I,0,0,0,0,0,0,1,20200329,20200329
20M-H59M000I-00-I,0,0,0,0,0,0,1,20200329,20200329
20M-H60M000I-03-I,0,0,0,0,0,0,1,20200329,20200329
20M-H62M000I-00-I,0,0,0,0,0,0,1,20200329,20200329
20M-GLOBAUX-00-I,0,0,0,0,0,0,1,20200329,20200531
20M-H50M000S-89-S,1,1,1,1,1,0,0,20200330,20200417
20M-H50M000S-89-SV,0,0,0,0,1,0,0,20200330,20200417
20M-H54M000S-20-S,1,1,1,1,1,0,0,20200330,20200417
20M-H55M000S-82-S,1,1,1,1,1,0,0,20200330,20200417
20M-H55M000S-82-SV,0,0,0,0,1,0,0,20200330,20200417
20M-H56M000S-85-S,1,1,1,1,1,0,0,20200330,20200417
20M-H56M000S-85-SV,0,0,0,0,1,0,0,20200330,20200417
20M-H58M000S-92-S,1,1,1,1,1,0,0,20200330,20200417
20M-H59M000S-01-S,1,1,1,1,1,0,0,20200330,20200417
20M-H59M000S-01-SV,0,0,0,0,1,0,0,20200330,20200417
20M-H60M000S-91-S,1,1,1,1,1,0,0,20200330,20200417
20M-H62M000S-02-S,1,1,1,1,1,0,0,20200330,20200529
20M-GLOBAUX-20-S,1,1,1,1,1,0,0,20200330,20200424
20M-H50M000A-82-A,0,0,0,0,0,1,0,20200404,20200530
20M-H54M000A-19-A,0,0,0,0,0,1,0,20200404,20200530
20M-H55M000A-02-A,0,0,0,0,0,1,0,20200404,20200530
20M-H56M000A-01-A,0,0,0,0,0,1,0,20200404,20200530
20M-H57M000A-11-A,0,0,0,0,0,1,0,20200404,20200530
20M-H58M000A-01-A,0,0,0,0,0,1,0,20200404,20200530
20M-H59M000A-01-A,0,0,0,0,0,1,0,20200404,20200530
20M-H60M000A-90-A,0,0,0,0,0,1,0,20200404,20200530
20M-H62M000A-01-A,0,0,0,0,0,1,0,20200404,20200530
20M-GLOBAUX-20-A,0,0,0,0,0,1,0,20200404,20200425
20M-H50M000I-82-I,0,0,0,0,0,0,1,20200405,20200531
20M-H54M000I-19-I,0,0,0,0,0,0,1,20200405,20200531
20M-H55M000I-03-I,0,0,0,0,0,0,1,20200405,20200531
20M-H56M000I-01-I,0,0,0,0,0,0,1,20200405,20200531
20M-H57M000I-11-I,0,0,0,0,0,0,1,20200405,20200531
20M-H58M000I-01-I,0,0,0,0,0,0,1,20200405,20200531
20M-H59M000I-01-I,0,0,0,0,0,0,1,20200405,20200531
20M-H60M000I-90-I,0,0,0,0,0,0,1,20200405,20200531
20M-H62M000I-02-I,0,0,0,0,0,0,1,20200405,20200531
20M-GLOBAUX-20-I,0,0,0,0,0,0,1,20200405,20200426
20M-H50M100F-05-F1,0,0,0,0,1,0,0,20200410,20200410
20M-H54M100F-19-F1,0,0,0,0,1,0,0,20200410,20200410
20M-H55M100F-03-F1,0,0,0,0,1,0,0,20200410,20200410
20M-H56M100F-01-F1,0,0,0,0,1,0,0,20200410,20200410
20M-H57M100F-02-F1,0,0,0,0,1,0,0,20200410,20200410
20M-H58M100F-05-F1,0,0,0,0,1,0,0,20200410,20200410
20M-H59M100F-01-F1,0,0,0,0,1,0,0,20200410,20200410
20M-H60M100F-92-F1,0,0,0,0,1,0,0,20200410,20200410
20M-H62M100F-02-F1,0,0,0,0,1,0,0,20200410,20200410
20M-GLOBAUX-20-F1,0,0,0,0,1,0,0,20200410,20200410
20M-H50M200F-05-F2,1,0,0,0,0,0,0,20200413,20200413
20M-H54M200F-19-F2,1,0,0,0,0,0,0,20200413,20200413
20M-H55M200F-03-F2,1,0,0,0,0,0,0,20200413,20200413
20M-H56M200F-01-F2,1,0,0,0,0,0,0,20200413,20200413
20M-H57M200F-02-F2,1,0,0,0,0,0,0,20200413,20200413
20M-H58M200F-05-F2,1,0,0,0,0,0,0,20200413,20200413
20M-H59M200F-01-F2,1,0,0,0,0,0,0,20200413,20200413
20M-H60M200F-93-F2,1,0,0,0,0,0,0,20200413,20200413
20M-H62M200F-02-F2,1,0,0,0,0,0,0,20200413,20200413
20M-GLOBAUX-20-F2,1,0,0,0,0,0,0,20200413,20200413
20M-H50M000S-90-S,1,1,1,1,1,0,0,20200420,20200529
20M-H50M000S-90-SV,0,0,0,0,1,0,0,20200420,20200529
20M-H55M000S-84-S,1,1,1,1,1,0,0,20200420,20200529
20M-H55M000S-84-SV,0,0,0,0,1,0,0,20200420,20200529
20M-H56M000S-86-S,1,1,1,1,1,0,0,20200420,20200529
20M-H56M000S-86-SV,0,0,0,0,1,0,0,20200420,20200529
20M-H57M000S-94-S,1,1,1,1,1,0,0,20200420,20200529
20M-H58M000S-97-S,1,1,1,1,1,0,0,20200420,20200529
20M-H59M000S-05-S,1,1,1,1,1,0,0,20200420,20200529
20M-H59M000S-05-SV,0,0,0,0,1,0,0,20200420,20200529
20M-H60M000S-93-S,1,1,1,1,1,0,0,20200420,20200529
20M-H50M300F-06-F3,1,0,0,0,0,0,0,20200518,20200518
20M-H54M300F-20-F3,1,0,0,0,0,0,0,20200518,20200518
20M-H55M300F-03-F3,1,0,0,0,0,0,0,20200518,20200518
20M-H56M300F-01-F3,1,0,0,0,0,0,0,20200518,20200518
20M-H57M300F-04-F3,1,0,0,0,0,0,0,20200518,20200518
20M-H58M300F-05-F3,1,0,0,0,0,0,0,20200518,20200518
20M-H59M300F-01-F3,1,0,0,0,0,0,0,20200518,20200518
20M-H60M300F-94-F3,1,0,0,0,0,0,0,20200518,20200518
20M-H62M300F-02-F3,1,0,0,0,0,0,0,20200518,20200518
20M-GLOBAUX-00-F3,1,0,0,0,0,0,0,20200518,20200518
20C-H50C000S-90-S,1,1,1,1,1,0,0,20200601,20200612
20C-H50C000S-90-SV,0,0,0,0,1,0,0,20200601,20200612
20C-H54C000S-11-S,1,1,1,1,1,0,0,20200601,20200612
20C-H55C000S-84-S,1,1,1,1,1,0,0,20200601,20200612
20C-H55C000S-84-SV,0,0,0,0,1,0,0,20200601,20200612
20C-H56C000S-86-S,1,1,1,1,1,0,0,20200601,20200612
20C-H56C000S-86-SV,0,0,0,0,1,0,0,20200601,20200612
20C-H57C000S-85-S,1,1,1,1,1,0,0,20200601,20200612
20C-H58C000S-82-S,1,1,1,1,1,0,0,20200601,20200612
20C-H59C000S-01-S,1,1,1,1,1,0,0,20200601,20200612
20C-H59C000S-01-SV,0,0,0,0,1,0,0,20200601,20200612
20C-H60C000S-93-S,1,1,1,1,1,0,0,20200601,20200612
20C-H62C000S-01-S,1,1,1,1,1,0,0,20200601,20200612
20C-GLOBAUX-04-S,1,1,1,1,1,0,0,20200601,20200612
20C-H50C000A-90-A,0,0,0,0,0,1,0,20200606,20200613
20C-H54C000A-11-A,0,0,0,0,0,1,0,20200606,20200613
20C-H55C000A-02-A,0,0,0,0,0,1,0,20200606,20200613
20C-H56C000A-01-A,0,0,0,0,0,1,0,20200606,20200613
20C-H57C000A-01-A,0,0,0,0,0,1,0,20200606,20200613
20C-H58C000A-01-A,0,0,0,0,0,1,0,20200606,20200613
20C-H59C000A-01-A,0,0,0,0,0,1,0,20200606,20200613
20C-H60C000A-05-A,0,0,0,0,0,1,0,20200606,20200613
20C-H62C000A-01-A,0,0,0,0,0,1,0,20200606,20200613
20C-GLOBAUX-04-A,0,0,0,0,0,1,0,20200606,20200613
20C-H50C000I-90-I,0,0,0,0,0,0,1,20200607,20200614
20C-H54C000I-11-I,0,0,0,0,0,0,1,20200607,20200614
20C-H55C000I-03-I,0,0,0,0,0,0,1,20200607,20200614
20C-H56C000I-01-I,0,0,0,0,0,0,1,20200607,20200614
20C-H57C000I-01-I,0,0,0,0,0,0,1,20200607,20200614
20C-H58C000I-01-I,0,0,0,0,0,0,1,20200607,20200614
20C-H59C000I-01-I,0,0,0,0,0,0,1,20200607,20200614
20C-H60C000I-04-I,0,0,0,0,0,0,1,20200607,20200614
20C-H62C000I-02-I,0,0,0,0,0,0,1,20200607,20200614
20C-GLOBAUX-04-I,0,0,0,0,0,0,1,20200607,20200614
